7 0.1090551750103757 0.027431151524325768 0.0222561581653828 0.006500272873062976
14 0.15579310715767958 0.02730114606686451 0.06973596225153274 0.006240261958140456
13 0.143552220166719 0.02743115152432577 0.0986689678665304 0.008580360192443126
7 0.26892857783170876 0.02730114606686451 0.012611822960383634 0.003640152808915267
7 0.3416320278386259 0.02730114606686451 0.012611822960383563 0.004160174638760306
14 0.24370493191094159 0.027561156981787027 0.04080295663653516 0.005720240128295417
14 0.3130699581930513 0.027691162439248285 0.0445123163307656 0.006500272873062984
14 0.3813221765668919 0.027431151524325768 0.03115862143153592 0.00442018555368283
14 0.43510789213323364 0.02730114606686451 0.04673793214730388 0.006240261958140456
14 0.49037735157726753 0.027691162439248282 0.043028572453073365 0.005460229213372902
14 0.8168010046695485 0.02730114606686451 0.03857734081999681 0.005200218298450383
0 0.8724414000830055 0.02691112969448073 0.06528473061845631 0.010140425681978246
13 0.24852709951344118 0.027561156981787027 0.0652847306184562 0.009880414767055723
13 0.318633997734397 0.027431151524325764 0.07047783419037891 0.010140425681978243
13 0.3820640485057379 0.027691162439248282 0.05044729184153432 0.009620403852133207
13 0.43622070004150276 0.027691162439248285 0.05638226735230305 0.010140425681978246
13 0.4914901594855367 0.027691162439248282 0.04970541990268828 0.009620403852133207
10 0.3646300579428548 0.027691162439248285 0.3182630617649739 0.01326055666104848
1 0.1424394122584499 0.027821167896709548 0.11276453470460616 0.013520567575970994
1 0.3638881860040087 0.027951173354170807 0.3316167566642035 0.015340643980428625
1 0.852410857734161 0.02730114606686451 0.14689064389152648 0.014040589405816033
5 0.4992798148434207 0.027561156981787027 0.8961813021260805 0.02028085136395649
6 0.39871279356524153 0.10686448603315535 0.6031418862818737 0.06292264141124963
7 0.12162362440622582 0.1517163688572899 0.0207724142876906 0.008060338362598092
7 0.3471526938154381 0.1514563579423674 0.020772414287690565 0.007020294702908015
7 0.8842679775400096 0.20072842632018478 0.028191133676151593 0.009360392937210698
14 0.31636500835332526 0.1517163688572899 0.040802956636535125 0.006500272873062993
14 0.8327078777902059 0.2012484481500298 0.06602660255730228 0.005720240128295409
9 0.21101919303718006 0.15158636339982864 0.15653497909652567 0.007800327447675563
0 0.3271221514665936 0.1517163688572899 0.0697359622515327 0.010140425681978246
1 0.23216254329429367 0.1514563579423674 0.2685576418622857 0.016900709469963752
1 0.40168028132062594 0.10634446420331031 0.6179793250587956 0.06916290336939007
13 0.8493999964142431 0.20046841540526222 0.1172157663376825 0.014040589405815993
1 0.847916252536551 0.20020840449033975 0.12908571735922025 0.018720785874421397
12 0.49997831321773334 0.12623529919488305 0.8917300704930039 0.17498734574285538
2 0.5006151843333437 0.11609423768584895 0.8954394301872343 0.19578821893665688
13 0.19978611313125313 0.1519757439451565 0.1884354724669076 0.010660447511823459
8 0.29485072212678853 0.3038221182599078 0.3820640485057379 0.10894457335253552
8 0.5871482660321493 0.272880819384128 0.16988867399575533 0.04706197560097593
8 0.5860354581238802 0.3260530514857831 0.16617931430152488 0.04680196468605345
8 0.5852935861850341 0.3780552344702869 0.16766305817921712 0.04680196468605352
6 0.776294796808552 0.2719082795847209 0.1854679847115233 0.02574108057732932
14 0.7859391320135509 0.3237804571117634 0.21069163063229046 0.026521113322096924
6 0.18917734440575373 0.23771684427240963 0.17953300920075452 0.01248052391628093
6 0.29452315972189896 0.3772127001283412 0.38725715207766065 0.009100382022288188
6 0.7808202156355131 0.3769526892134186 0.198079807671907 0.026261102407174376
14 0.1387300525642194 0.3665522526165179 0.07567093776230152 0.008580360192443166
14 0.7210995245584024 0.3566718378494621 0.07715468163999362 0.006500272873063011
14 0.7214704605278254 0.3037596166627295 0.07789655357883973 0.00572024012829548
14 0.7225832684360947 0.2520174445931482 0.08012216939537808 0.005200218298450423
11 0.2845078885474767 0.39242333865130846 0.36722660972881616 0.018720785874421397
1 0.6958758786376353 0.3779927328731087 0.3961596153438137 0.05122215023973631
1 0.6981014944541735 0.32508051168637614 0.396159615343814 0.05096213932481382
1 0.6955049426682123 0.272948323244411 0.39690148728265984 0.04966208475020121
1 0.6966177505764816 0.3261205553460661 0.4035783347322747 0.15756661444304654
1 0.29600690359959114 0.32651057171845 0.39319212758842936 0.1583466471878142
12 0.501134494690536 0.3197936224217095 0.8954394301872345 0.20835541183542805
6 0.18399799513957737 0.44281381095827876 0.18925508071499386 0.015200631482884717
6 0.22342613695520114 0.5628066746337781 0.24708302204457538 0.01658250707223793
6 0.4882518228168072 0.5632672998302292 0.2352545794998882 0.01658250707223786
6 0.7635916798292461 0.5628066746337781 0.2497115648322835 0.01658250707223793
6 0.22802608683369055 0.7012245461673196 0.2510258362261377 0.014279381089982621
6 0.49942312966456726 0.7007639209708685 0.2628542787708249 0.016121881875786954
6 0.7688487654046628 0.700994233569094 0.2602257359831166 0.015661256679335763
14 0.13931276774853718 0.5489879187402465 0.07885628363124746 0.0073700031432169764
14 0.412681217670195 0.5503697943295996 0.08937045478208049 0.0064487527503147395
14 0.6794783106225821 0.549218231338472 0.07622774084353935 0.008751878732569978
14 0.14325558193009955 0.6876361028720135 0.08674191199437221 0.005527502357412573
14 0.40873840348863266 0.6880967280684647 0.07622774084353921 0.008291253536119002
14 0.6794783106225823 0.6885573532649155 0.08148482641895562 0.009212503929021097
14 0.16231251714098435 0.7456748776248462 0.056513669935727366 0.005527502357412573
14 0.8411336920666396 0.7454445650266206 0.03679959902791552 0.00598812755386362
7 0.12551291811306886 0.7456748776248462 0.017085528120103603 0.005527502357412573
7 0.8667619842467948 0.7454445650266206 0.027599699270936497 0.00875187873257005
0 0.1577125672624949 0.7461355028212973 0.11039879708374642 0.010133754321923191
0 0.8483621847328372 0.7461355028212973 0.09857035453905923 0.012897505500629479
14 0.4008527751255079 0.7465961280177482 0.01839979951395776 0.007370003143216763
14 0.43830950985035044 0.7475173784106504 0.022342613695520156 0.005527502357412573
14 0.47970905875675535 0.7468264406159739 0.023656885089374243 0.006909377946765716
14 0.5217657433600873 0.7470567532141993 0.026285427877082556 0.006448752750314668
14 0.5585653423880028 0.7461355028212973 0.01839979951395776 0.007370003143216763
14 0.602593434082116 0.7468264406159739 0.022342613695520087 0.00783062833966781
10 0.5000802653614943 0.7475173784106504 0.24576875065072115 0.01105500471482543
11 0.22079759416749287 0.5803104320989181 0.24182593646915884 0.012897505500629548
11 0.48693755142295303 0.578928556509565 0.22999749392447177 0.011055004714825288
11 0.7695059011015899 0.5796194943042415 0.2615400073769707 0.011515629911276406
11 0.22605467974290938 0.7178070532395574 0.26285427877082485 0.01243688030417843
11 0.4981088582707131 0.7173464280431066 0.25759719319540836 0.010594379518374381
11 0.7681916297077356 0.7180373658377829 0.2615400073769708 0.013818755893531574
1 0.22408327265212818 0.5199685313638303 0.26679709295238724 0.13634505814951176
1 0.49810885827071316 0.5199685313638301 0.2654828215585331 0.1345025573637075
1 0.7714773081923709 0.5208897817567323 0.2654828215585329 0.1363450581495117
1 0.22736895113676348 0.6586167154955972 0.2654828215585331 0.13542380775660953
1 0.4987659939676402 0.6597682784867248 0.26679709295238724 0.13588443295306063
1 0.772134443889298 0.6599985910849503 0.2667970929523872 0.1363450581495117
8 0.2276029724142559 0.4975170227507981 0.25179504540405695 0.08721078099599207
8 0.5001340803810023 0.49872828359796384 0.2557447716064749 0.0875568555237533
8 0.7711840410218389 0.49872828359796395 0.25278247695466155 0.08686470646822977
8 0.22957783551546482 0.6366389829110707 0.2537699085052665 0.0865186319404684
8 0.49865293305509384 0.636812020174951 0.25475734005587003 0.08755685552375429
8 0.770690325246538 0.63646594564719 0.2557447716064739 0.08548040835718229
1 0.5013945367553484 0.747342456724615 0.2773112641032202 0.01842500785804205
1 0.8332480637035147 0.747342456724615 0.1524554816870783 0.017503757465139956
1 0.17611236677645267 0.7482637071175171 0.16296965283791137 0.017503757465139956
12 0.5027088081492025 0.5974089552797973 0.9002759047900751 0.3450082721418389
6 0.4953478935675365 0.81385638667632 0.4504646412673477 0.043759836981460014
9 0.4476084343027904 0.8486068454557147 0.13791399343148875 0.006292264141124946
14 0.5696092746460305 0.8488928574621295 0.05222778449476479 0.005720240128295444
7 0.6112282904152962 0.848749851458922 0.027746010512843852 0.0077223241731988424
0 0.583074250336087 0.8490358634653368 0.09384680026403082 0.010582444237346493
13 0.45332084823190527 0.8491788694685443 0.159131530882487 0.011440480256590746
1 0.5010603074966514 0.8488928574621294 0.2774601051284388 0.014872624333568183
12 0.5002442483639208 0.8241528189072517 0.8960329277383113 0.10725450240553912
2 0.5018763666293822 0.8245818369168739 0.9058256373310798 0.1092565864504425
7 0.11016798291864482 0.8990377617355858 0.02284965571645966 0.006292264141125088
7 0.11057601248501017 0.9286400043995147 0.02040147831826754 0.006578276147539697
7 0.13424172733420053 0.9286400043995147 0.020401478318267562 0.0060062521347101945
7 0.15913153088248694 0.9296410464219664 0.017953300920075445 0.007436312166783949
7 0.10812783508681806 0.9609593611243838 0.012240886990960504 0.004862204109051191
14 0.15749941261702557 0.8991807677387932 0.0701810854148404 0.00715030016036934
11 0.17014832917435144 0.9143394040787761 0.1411782299624115 0.015730660352812436
13 0.15178699868791065 0.8997527917516226 0.11098404205137553 0.008866372198857988
10 0.14525852562606503 0.9287830104027219 0.0979270959276843 0.010868456243761244
1 0.1770848318025624 0.9164844941268868 0.1697402996079861 0.04576192102636341
14 0.19177389619171506 0.9612453731307986 0.15178699868791065 0.0060062521347101945
6 0.40639744809988976 0.8984657377227562 0.09139862286583864 0.006292264141125088
6 0.5659370085487421 0.8978937137099265 0.08895044546764666 0.005148216115465942
6 0.7001787358829427 0.8981797257163414 0.04569931143291939 0.0045761921026362985
6 0.8283000197216629 0.8984657377227563 0.05385990276022639 0.007436312166784234
14 0.39578867937439066 0.9070460979151994 0.0701810854148404 0.006292264141124946
14 0.403133211568967 0.9144824100819834 0.08487014980399309 0.0051482161154658
14 0.40762153679898583 0.9219187222487675 0.09547891852949221 0.0045761921026362985
14 0.4133339507281007 0.9304990824412107 0.10690374638772199 0.006864288153954448
14 0.5475756780623012 0.9073321099216142 0.05385990276022639 0.005720240128295302
14 0.5728735111769531 0.914339404078776 0.10445556898952994 0.004290180096221405
14 0.5630808015841846 0.9224907462615971 0.08487014980399316 0.005148216115465942
14 0.6989546471838466 0.906188061895955 0.04325113403472727 0.0051482161154658
14 0.699362676750212 0.9141963980755687 0.0473314296983807 0.004004168089806654
14 0.7026269132811348 0.9226337522648044 0.050595666229303615 0.004862204109051191
14 0.7124196228739033 0.930642088444418 0.06854896714937908 0.006578276147539839
14 0.7067072089447882 0.9382214066144096 0.05385990276022639 0.005720240128295444
14 0.8287080492880282 0.9069030919119919 0.049779607096572816 0.0060062521347101945
14 0.8180992805625291 0.9146254160851908 0.030194187911035897 0.004862204109050907
14 0.8160591327307023 0.9226337522648044 0.024481773981921008 0.004862204109051191
14 0.800554009208819 0.9608163551211762 0.06038837582207193 0.005148216115465942
14 0.8707350946236594 0.9608163551211762 0.06365261235299471 0.005148216115465942
1 0.1860614822626001 0.9615313851372133 0.1827972457316773 0.00943839621168749
1 0.835236522349874 0.9612453731307986 0.147706703024257 0.010010420224516849
1 0.41210986202900474 0.9151974400980204 0.1387300525642194 0.04547590901994852
1 0.5712413929114917 0.9137673800659465 0.11424827858229833 0.04375983698146015
1 0.719356125502114 0.9193446141910345 0.09874315506041498 0.051482161154658715
1 0.83646061104897 0.9130523500499096 0.08650226806945441 0.04004168089806796
1 0.49698001183299767 0.9196306261974493 0.8242197240580093 0.0589184733214428
1 0.49820410053209385 0.9608163551211762 0.828300019721663 0.02116488847469313
3 0.49861213009845917 0.930642088444418 0.8960329277383113 0.10153426227724381
